10, 406, 272
11, 295, 298
12, 253, 347
13, 326, 278
14, 311, 244
15, 302, 288
16, 336, 274
17, 358, 323
18, 355, 328
19, 386, 292
20, 358, 362
21, 496, 355
22, 426, 376
23, 490, 377
24, 407, 372
25, 427, 407
26, 487, 426
27, 496, 483
28, 614, 611
29, 542, 493
30, 548, 482
31, 584, 488
32, 569, 492
33, 631, 495
34, 589, 474
35, 586, 603
36, 599, 587
37, 705, 550
38, 650, 551
39, 670, 515
40, 696, 577
41, 674, 546
42, 650, 609
43, 747, 656
44, 767, 593
45, 743, 647
46, 788, 660
47, 746, 642
48, 779, 819
49, 800, 705
50, 837, 769
51, 799, 766
52, 814, 735
53, 913, 687
54, 802, 822
55, 881, 788
56, 833, 750
57, 929, 813
58, 892, 836
59, 914, 822
60, 892, 795
61, 910, 811
62, 949, 910
63, 964, 885
64, 974, 893
65, 965, 853
66, 1007, 845
67, 1030, 883
68, 994, 884
69, 1029, 974
70, 1045, 938
71, 1045, 917
72, 1080, 994
73, 1073, 923
74, 1104, 1053
75, 1107, 1009
76, 870, 750
77, 870, 777
78, 871, 764
79, 861, 879
80, 902, 793
81, 939, 788
82, 887, 845
83, 935, 829
84, 931, 867
85, 935, 831
86, 947, 945
87, 956, 875
88, 941, 947
89, 982, 880
90, 1070, 880
91, 1279, 993
92, 1125, 1214
93, 1176, 936
94, 1115, 917
95, 1045, 1174
96, 1074, 966
97, 1079, 957
98, 1048, 1294
99, 1144, 974
100, 1071, 977
101, 1085, 1023
102, 1296, 1086
103, 1381, 1290
104, 1773, 1040
105, 1185, 1101
106, 1144, 1174
107, 1194, 1080
108, 1138, 1055
109, 1178, 1069
110, 1168, 1119
111, 1195, 1086
112, 1206, 1194
113, 1217, 1056
114, 1211, 1149
115, 1258, 1096
116, 1227, 1110
117, 1256, 1179
118, 1297, 1146
119, 1369, 1278
120, 1276, 1256
121, 1499, 1258
122, 1444, 1337
123, 1403, 1180
124, 1311, 1188
125, 1325, 1143
126, 1346, 1357
127, 1370, 1224
128, 1357, 1278
129, 1385, 1233
130, 1196, 1060
131, 1119, 1009
132, 1118, 1018
133, 1137, 1021
134, 1157, 1012
135, 1158, 1045
136, 1155, 1029
137, 1166, 1090
138, 1166, 1100
139, 1178, 1123
140, 1349, 1052
141, 1212, 1076
142, 1208, 1130
143, 1216, 1256
144, 1229, 1231
145, 1258, 1273
146, 1232, 1565
147, 1257, 1182
148, 1312, 1210
149, 1269, 1107
150, 1267, 1170
151, 1272, 1287
152, 1280, 1166
153, 1294, 1205
154, 1368, 1216
155, 1397, 1174
156, 1311, 1356
157, 1353, 1218
158, 1379, 1271
159, 1615, 1238
160, 1344, 1367
161, 1350, 1166
162, 1371, 1488
163, 1384, 1363
164, 1377, 1295
165, 1388, 1007
166, 1217, 1059
167, 1232, 1115
168, 1175, 1073
169, 1185, 1022
170, 1209, 1082
171, 1194, 1063
172, 1277, 1128
173, 1220, 1207
174, 1430, 1200
175, 1220, 1144
176, 1423, 1253
177, 1241, 1191
178, 1247, 1172
179, 1258, 1122
180, 1262, 1147
181, 1269, 1134
182, 1288, 1130
183, 1287, 1129
184, 1316, 1230
185, 1303, 1146
186, 1303, 1105
187, 1308, 1168
188, 1337, 1195
189, 1340, 1142
190, 1340, 1196
191, 1342, 1313
192, 1337, 1193
193, 1352, 1250
194, 1363, 1195
195, 1186, 1033
196, 1225, 1073
197, 1215, 1083
198, 1197, 1098
199, 1226, 1057
200, 1223, 1061
201, 1245, 1107
202, 1247, 1110
203, 1254, 1123
204, 1223, 1089
205, 1258, 1083
206, 1262, 1088
207, 1328, 1118
208, 1334, 1137
209, 1301, 1166
210, 1328, 1464
211, 1279, 1320
212, 1266, 1217
213, 1376, 1207
214, 1637, 1189
215, 1321, 1390
216, 1318, 1167
217, 1396, 1191
218, 1326, 1171
219, 1326, 1214
220, 1430, 1453
221, 1335, 1046
222, 1177, 1088
223, 1182, 1110
224, 1175, 1020
225, 1200, 1042
226, 1175, 1063
227, 1217, 1045
228, 1188, 1059
229, 1208, 1286
230, 1276, 1100
231, 1242, 1158
232, 1227, 1074
233, 1252, 1096
234, 1339, 1136
235, 1261, 1124
236, 1282, 1216
237, 1249, 1072
238, 1294, 1059
239, 1250, 1094
240, 1289, 1067
241, 1283, 1085
242, 1556, 1181
243, 1435, 1077
244, 1369, 1139
245, 1295, 1051
246, 1151, 977
247, 1200, 980
248, 1295, 1184
249, 1187, 981
250, 1160, 1016
251, 1157, 1034
252, 1189, 1051
253, 1263, 1070
254, 1167, 805
255, 956, 1199
256, 1025, 857
257, 996, 841
258, 969, 837
259, 973, 833
260, 973, 851
261, 976, 866
262, 971, 833
263, 997, 876
264, 981, 845
265, 995, 932
266, 986, 852
267, 999, 855
268, 1000, 861
269, 1004, 903
270, 1137, 860
271, 1020, 907
272, 1023, 871
273, 1109, 880
274, 1020, 973
275, 1054, 924
276, 1048, 891
277, 1167, 923
278, 1028, 913
279, 1201, 918
280, 1050, 992
281, 1079, 904
282, 1068, 894
283, 1055, 920
284, 1062, 937
285, 1105, 941
286, 1081, 1202
287, 1095, 996
288, 1256, 951
289, 1166, 945
290, 1248, 998
291, 1103, 1047
292, 1139, 1050
293, 1119, 1429
294, 1226, 1008
295, 1190, 1013
296, 1111, 1030
297, 1176, 1016
298, 1130, 957
299, 1141, 1004
300, 1261, 1083
301, 1146, 993
302, 1139, 996
303, 1174, 1047
304, 1122, 979
305, 1195, 1114
306, 1128, 1078
307, 1145, 1058
308, 1136, 1026
309, 1199, 1021
310, 1142, 1000
311, 1167, 1047
312, 1203, 1037
313, 1207, 1003
314, 1166, 1042
315, 1231, 1061
316, 1217, 1092
317, 1178, 1094
318, 1432, 1043
319, 1185, 1084
320, 1190, 1101
321, 1192, 1082
322, 1186, 1006
323, 1351, 1108
324, 1225, 1120
325, 1221, 1228
326, 1223, 1059
327, 1211, 1113
328, 1204, 1054
329, 1223, 1073
330, 1220, 1046
331, 1294, 1115
332, 1227, 1056
333, 1225, 1062
334, 1236, 1103
335, 1244, 1107
336, 1231, 1082
337, 1247, 1085
338, 1238, 1130
339, 1261, 1087
340, 1468, 1079
341, 1277, 1072
342, 1262, 1117
343, 1258, 1148
344, 1268, 1081
345, 1264, 1082
346, 1346, 1185
347, 1323, 1114
348, 20307, 1146
349, 1568, 1893
350, 1485, 1179
351, 1350, 1274
352, 1571, 1237
353, 1328, 1446
354, 1349, 1169
355, 1354, 1147
356, 1394, 1166
357, 1576, 1167
358, 1354, 1180
359, 1319, 1194
360, 1385, 1148
361, 1361, 1231
362, 1401, 1192
363, 1659, 1144
364, 1615, 1590
365, 1380, 1208
366, 1459, 1244
367, 1339, 1253
368, 1472, 1180
369, 1510, 1266
370, 1548, 1260
371, 1653, 1264
372, 1463, 1184
373, 1369, 1178
374, 1436, 1314
375, 1496, 1297
376, 1395, 1178
377, 1386, 1290
378, 1400, 1187
379, 1404, 1210
380, 1408, 1234
381, 1411, 1303
382, 1461, 1224
383, 1432, 1249
384, 1427, 1317
385, 1422, 1279
386, 1425, 1222
387, 1407, 1226
388, 1437, 1243
389, 1435, 1247
390, 1434, 1344
391, 1822, 1496
392, 1565, 1276
393, 1479, 1365
394, 1610, 1358
395, 2291, 1334
396, 1487, 1401
397, 1944, 1371
398, 1505, 1356
399, 1487, 1262
400, 1478, 1355
401, 1469, 1426
402, 1543, 1306
403, 1450, 1366
404, 1541, 1297
405, 1576, 1357
406, 1503, 1287
407, 1536, 1284
408, 1563, 1362
409, 1643, 1297
410, 1505, 1306
411, 1544, 1301
412, 1960, 1333
413, 1506, 1362
414, 1525, 1297
415, 1520, 1332
416, 1534, 1321
417, 1524, 1309
418, 1540, 1319
419, 1530, 1403
420, 1549, 1336
421, 1544, 1346
422, 1559, 1378
423, 1552, 1388
424, 1552, 1351
425, 1547, 1348
426, 1576, 1383
427, 1618, 1446
428, 1574, 1443
429, 1606, 1423
430, 1639, 1379
431, 1692, 1462
432, 1645, 1360
433, 1590, 1446
434, 1665, 1380
435, 1602, 1373
436, 1602, 1529
437, 1647, 1732
438, 1624, 1405
439, 1620, 1417
440, 1637, 1413
441, 1618, 1454
442, 1626, 1812
443, 1720, 1504
444, 1642, 1434
445, 1627, 1416
446, 1729, 1429
447, 1648, 1440
448, 1646, 1466
449, 1637, 1419
450, 1668, 1425
451, 1650, 1413
452, 1662, 1412
453, 1656, 1426
454, 1674, 1454
455, 1668, 1443
456, 1682, 1470
457, 1669, 1511
458, 1756, 1489
459, 1784, 1632
460, 1779, 1531
461, 1764, 1477
462, 1695, 1525
463, 1728, 1524
464, 1701, 1482
465, 1700, 1466
466, 1724, 1507
467, 1751, 1549
468, 1716, 1494
469, 1921, 1456
470, 1778, 1586
471, 1729, 1540
472, 1779, 1750
473, 1885, 1597
474, 1744, 1701
475, 1775, 1542
476, 1807, 1491
477, 1737, 1494
478, 1749, 1507
479, 1746, 1526
480, 1758, 1517
481, 1754, 1537
482, 1778, 1565
483, 1764, 1535
484, 1773, 1559
485, 1772, 1559
486, 1823, 1573
487, 1843, 1620
488, 1879, 1630
489, 1779, 1690
490, 1789, 1601
491, 1821, 1530
492, 1854, 1545
493, 1832, 1544
494, 2238, 1552
495, 1801, 1678
496, 1862, 1613
497, 1864, 1784
498, 2295, 1663
499, 1935, 1572
500, 2079, 1642
501, 1824, 1663
502, 1844, 1575
503, 1844, 1564
504, 1853, 1588
505, 1845, 1580
506, 1851, 1602
507, 1857, 1594
508, 1850, 1574
509, 1853, 1630
510, 1877, 1670
511, 2064, 1640
512, 1909, 1576
513, 1882, 1612
514, 1951, 1670
515, 1931, 1682
516, 1892, 1638
517, 1889, 1619
518, 1906, 1634
519, 1938, 1622
520, 1905, 1601
521, 1919, 1691
522, 2121, 1652
523, 1900, 1635
524, 1999, 1717
525, 1977, 1646
526, 1924, 1648
527, 1982, 1676
528, 1933, 1650
529, 1927, 1686
530, 1941, 1696
531, 1928, 1670
532, 1951, 1666
533, 1933, 1712
534, 1956, 1677
535, 1949, 1789
536, 1998, 1694
537, 1954, 1689
538, 1969, 1701
539, 1961, 1719
540, 1972, 1719
541, 1972, 1817
542, 1983, 1700
543, 1970, 1716
544, 1989, 1696
545, 1989, 1752
546, 1997, 1712
547, 2006, 1718
548, 2005, 1771
549, 1987, 1729
550, 2010, 1723
551, 2003, 1762
552, 2025, 1734
553, 2022, 1774
554, 2033, 1783
555, 2032, 1788
556, 2024, 1745
557, 2084, 1742
558, 2043, 1721
559, 2046, 1760
560, 2062, 1785
561, 2045, 1753
562, 2050, 1758
563, 2318, 1742
564, 2078, 1760
565, 2065, 1780
566, 2074, 1781
567, 2074, 1778
568, 2076, 1824
569, 2071, 1806
570, 2078, 1809
571, 2085, 1826
572, 2093, 1814
573, 2101, 1807
574, 2104, 1819
575, 2104, 1813
576, 2101, 1846
577, 2094, 1808
578, 2117, 1793
579, 2115, 1833
580, 2127, 1807
581, 2126, 1813
582, 2133, 1862
583, 2135, 1864
584, 2138, 1862
585, 2134, 1820
586, 2184, 1862
587, 2158, 1833
588, 2165, 1818
589, 2155, 1839
590, 2158, 1877
591, 2154, 1836
592, 2164, 1844
593, 2160, 1882
594, 2167, 1859
595, 2168, 1867
596, 2184, 1893
597, 2171, 1859
598, 2188, 1861
599, 2165, 1896
600, 2199, 1922
601, 2182, 1885
602, 2208, 1880
603, 2200, 1891
604, 2202, 1902
605, 2208, 1954
606, 2223, 1906
607, 2213, 1914
608, 2221, 1912
609, 2212, 1913
610, 2225, 1912
611, 2225, 1922
612, 2244, 1914
613, 2234, 1915
614, 2243, 1946
615, 2243, 1982
616, 2250, 1914
617, 2241, 2004
618, 2252, 2003
619, 2241, 1933
620, 2263, 1941
621, 2265, 1981
622, 2277, 1957
623, 2272, 1967
624, 2260, 2010
625, 2292, 1944
626, 2274, 1945
627, 2291, 1953
628, 2284, 1949
629, 2291, 2010
630, 2312, 1986
631, 2293, 1995
632, 2305, 1970
633, 2296, 1987
634, 2313, 1968
635, 2319, 1988
636, 2316, 1965
637, 2318, 1976
638, 2264, 1979
639, 2254, 1965
640, 2281, 2003
641, 2274, 1960
642, 2297, 1992
643, 2277, 1973
644, 2316, 1990
645, 2297, 1980
646, 2310, 1966
647, 2307, 1973
648, 2315, 2008
649, 2308, 1985
650, 2312, 2009
651, 2313, 1983
652, 2333, 1988
653, 2316, 2025
654, 2334, 2011
655, 2330, 2032
656, 2356, 2031
657, 2335, 2045
658, 2362, 2006
659, 2337, 2004
660, 2349, 2003
661, 2368, 2040
662, 2376, 2011
663, 2370, 2003
664, 2372, 2039
665, 2372, 2050
666, 2384, 2036
667, 2383, 2057
668, 2378, 2040
669, 2402, 2063
670, 2381, 2074
671, 2386, 2090
672, 2384, 2073
673, 2432, 2076
674, 2412, 2054
675, 2412, 2096
676, 2399, 2055
677, 2427, 2090
678, 2421, 2071
679, 2409, 2081
680, 2409, 2093
681, 2420, 2089
682, 2446, 2080
683, 2430, 2110
684, 2430, 2115
685, 2441, 2126
686, 2439, 2169
687, 2443, 2099
688, 2451, 2115
689, 2461, 2139
690, 2471, 2117
691, 2454, 2136
692, 2461, 2098
693, 2463, 2134
694, 2469, 2121
695, 2476, 2152
696, 2479, 2169
697, 2488, 2147
698, 2493, 2212
699, 2477, 2149
700, 2492, 2127
701, 2502, 2155
702, 2512, 2183
703, 2512, 2196
704, 2498, 2200
705, 2529, 2169
706, 2528, 2174
707, 2517, 2193
708, 2529, 2169
709, 2528, 2217
710, 2547, 2172
711, 2536, 2189
712, 2541, 2209
713, 2532, 2203
714, 2558, 2193
715, 2556, 2268
716, 2560, 2233
717, 2559, 2221
718, 2563, 2179
719, 2573, 2224
720, 2571, 2209
721, 2576, 2293
722, 2575, 2257
723, 2574, 2220
724, 2588, 2220
725, 2581, 2226
726, 2607, 2237
727, 2600, 2206
728, 2597, 2215
729, 2603, 2240
730, 2617, 2280
731, 2588, 2279
732, 2618, 2288
733, 2619, 2231
734, 2611, 2244
735, 2635, 2298
736, 2620, 2264
737, 2638, 2367
738, 2640, 2288
739, 2634, 2270
740, 2650, 2269
741, 2641, 2292
742, 2646, 2287
743, 2646, 2278
744, 2645, 2274
745, 2660, 2282
746, 2668, 2334
747, 2682, 2453
748, 2668, 2286
749, 2667, 2276
750, 2683, 2312
751, 2681, 2352
752, 2683, 2297
753, 2675, 2312
754, 2691, 2308
755, 2692, 2320
756, 2697, 2304
757, 2710, 2322
758, 2710, 2335
759, 2711, 2365
760, 2717, 2330
761, 2713, 2327
762, 2735, 2320
763, 2715, 2319
764, 2736, 2329
765, 2731, 2337
766, 2741, 2360
767, 2729, 2347
768, 2732, 2395
769, 2744, 2374
770, 2761, 2395
771, 2733, 2408
772, 2759, 2366
773, 2751, 2380
774, 2768, 15660
775, 2814, 2394
776, 2787, 2434
777, 2760, 2416
778, 2825, 2402
779, 2769, 2494
780, 2794, 2380
781, 2783, 2397
782, 2775, 2394
783, 2778, 2434
784, 2795, 2400
785, 2791, 2417
786, 2804, 2414
787, 2800, 2474
788, 2819, 2440
789, 2811, 2402
790, 2959, 2522
791, 2958, 2569
792, 2884, 2506
793, 2873, 2489
794, 2894, 2462
795, 2826, 2448
796, 2856, 2415
797, 2846, 2443
798, 2858, 2451
799, 2866, 2435
800, 2854, 2449
801, 2843, 2535
802, 3002, 2449
803, 2867, 2490
804, 2883, 2449
805, 2859, 2469
806, 2890, 2484
807, 2887, 2450
808, 2891, 2507
809, 2884, 2476
810, 2893, 2567
811, 2907, 2489
812, 2901, 2517
813, 2890, 2471
814, 2915, 2481
815, 2893, 2544
816, 2906, 2488
817, 2908, 2511
818, 2913, 2561
819, 2925, 2496
820, 2932, 2503
821, 2920, 2512
822, 2938, 2582
823, 2926, 2557
824, 2931, 2522
825, 2923, 2530
826, 2949, 2514
827, 2951, 2506
828, 2960, 2515
829, 2953, 2506
830, 2963, 2519
831, 2949, 2545
832, 2980, 2560
833, 2970, 2548
834, 2979, 2558
835, 2991, 2538
836, 2987, 2545
837, 2996, 2562
838, 2995, 2582
839, 2993, 2591
840, 2995, 2547
841, 3011, 2573
842, 3003, 2567
843, 3036, 2599
844, 3053, 2570
845, 3012, 2666
846, 3041, 2568
847, 3031, 2587
848, 3025, 2601
849, 3035, 2584
850, 3032, 2646
851, 3099, 2616
852, 3034, 2631
853, 3055, 2616
854, 3067, 2654
855, 3126, 2676
856, 3114, 2680
857, 3118, 2762
858, 3137, 2691
859, 3155, 2704
860, 3165, 4109
861, 3139, 2732
862, 3148, 2693
863, 3151, 2677
864, 3147, 2696
865, 3183, 2714
866, 3156, 2746
867, 3142, 2700
868, 3159, 2727
869, 22086, 2718
870, 3175, 2708
871, 3181, 2751
872, 3167, 2724
873, 3173, 2769
874, 3209, 2750
875, 3209, 2741
876, 3202, 2740
877, 3200, 2734
878, 3194, 2768
879, 3198, 2783
880, 3225, 2724
881, 3204, 2758
882, 3217, 2731
883, 3193, 2729
884, 3216, 2719
885, 3219, 2779
886, 3253, 2788
887, 3218, 2763
888, 3244, 2756
889, 3257, 2772
890, 3253, 2782
891, 3261, 2778
892, 3266, 2883
893, 3267, 2807
894, 3284, 2776
895, 3275, 2788
896, 3272, 2780
897, 3287, 2906
898, 3284, 2777
899, 3286, 2799
900, 3300, 2842
901, 3303, 2800
902, 3315, 2846
903, 3352, 2877
904, 3295, 2826
905, 3298, 2887
906, 3326, 2820
907, 3331, 2861
908, 3366, 2866
909, 3372, 2891
910, 3349, 2850
911, 3325, 2918
912, 3351, 2861
913, 3325, 2865
914, 3361, 2896
915, 3314, 2893
916, 3370, 2918
917, 3357, 2875
918, 3395, 2855
919, 3341, 2985
920, 3414, 2875
921, 3369, 2950
922, 3395, 2918
923, 3361, 2875
924, 3414, 2932
925, 3413, 2957
926, 3412, 2906
927, 3407, 2927
928, 3427, 2893
929, 3400, 2961
930, 3452, 2935
931, 3400, 2982
932, 3429, 2907
933, 3438, 2998
934, 3479, 2928
935, 3440, 2955
936, 3449, 2964
937, 3419, 2922
938, 3480, 2935
939, 3429, 2995
940, 3502, 2982
941, 3450, 2926
942, 3469, 2971
943, 3471, 3004
944, 3517, 2967
945, 3443, 2986
946, 3504, 2971
947, 3498, 3006
948, 3524, 2994
949, 3475, 2995
950, 3531, 3010
951, 3503, 2993
952, 3530, 3023
953, 3405, 3002
954, 3486, 2951
955, 3426, 2933
956, 3489, 2945
957, 3530, 2957
958, 3467, 2956
959, 3456, 2986
960, 3465, 2969
961, 3469, 2950
962, 3500, 2955
963, 3469, 2992
964, 3532, 2998
965, 3476, 3023
966, 3529, 3015
967, 3503, 3059
968, 3510, 2987
969, 3492, 3000
970, 3640, 3097
971, 18739, 2976
972, 3520, 2987
973, 3523, 3032
974, 3541, 3065
975, 3522, 3047
976, 3538, 2989
977, 3508, 3010
978, 3555, 2989
979, 3500, 3079
980, 3551, 3039
981, 3530, 3058
982, 3581, 3026
983, 3552, 3044
984, 3569, 3016
985, 3555, 3033
986, 3567, 3044
987, 3566, 3045
988, 3612, 3182
989, 3599, 3088
990, 3621, 3086
991, 3650, 3113
992, 3774, 3068
993, 3590, 3059
994, 3621, 3143
995, 3685, 3141
996, 3701, 3136
997, 3698, 3174
998, 3707, 3151
999, 3683, 3161
1000, 3701, 3196
1001, 3714, 3140
1002, 3727, 3174
1003, 3755, 3217
1004, 3745, 3289
1005, 3716, 3227
1006, 3754, 3178
1007, 3722, 3224
1008, 3787, 3232
1009, 3746, 3219
1010, 3811, 3335
1011, 3908, 3451
1012, 3888, 3187
1013, 3813, 3261
1014, 3807, 3225
1015, 3747, 3196
1016, 3843, 3214
1017, 3754, 3255
1018, 3906, 3292
1019, 3781, 3241
1020, 3828, 3242
1021, 3817, 3223
1022, 3847, 3262
1023, 3780, 3271
1024, 3853, 3319
1025, 3804, 3272
1026, 3880, 3296
1027, 3812, 3300
1028, 3888, 3329
1029, 3850, 3257
1030, 3912, 3269
1031, 3866, 3323
1032, 3905, 3284
1033, 3834, 3317
1034, 3903, 3310
1035, 3836, 3287
1036, 3891, 3280
1037, 3886, 3368
1038, 3935, 3337
1039, 3876, 3349
1040, 3923, 3319
1041, 3959, 3333
1042, 3954, 3330
1043, 3871, 3305
1044, 3960, 3367
1045, 3921, 3428
1046, 3970, 3318
1047, 3914, 3344
1048, 3987, 3372
1049, 3912, 3336
1050, 3989, 3464
1051, 3940, 3368
1052, 3991, 3439
1053, 3985, 3388
1054, 4004, 3433
1055, 4014, 3347
1056, 3998, 3653
1057, 3997, 3420
1058, 4023, 3429
1059, 3975, 3425
1060, 4085, 4184
1061, 3993, 3444
1062, 4079, 3491
1063, 4021, 3497
1064, 4039, 3437
1065, 4001, 4003
1066, 4049, 3457
1067, 4009, 3514
1068, 4120, 3805
1069, 4085, 3501
1070, 4066, 3505
1071, 4096, 3512
1072, 4240, 3459
1073, 4043, 3497
1074, 4086, 3531
1075, 4083, 3486
1076, 4107, 4146
1077, 4269, 3552
1078, 4141, 3807
1079, 4097, 3451
1080, 4112, 3488
1081, 4078, 3502
1082, 4873, 3836
1083, 4387, 3528
1084, 36072, 3827
1085, 4123, 3482
1086, 4222, 3582
1087, 4244, 3484
1088, 4352, 3558
1089, 4319, 3552
1090, 4214, 3571
1091, 4143, 3585
1092, 4261, 3624
1093, 5018, 3515
1094, 4197, 3583
1095, 4148, 3592
1096, 4222, 3539
1097, 4181, 3551
1098, 4325, 3738
1099, 4196, 3762
1100, 4306, 3774
1101, 4234, 3624
1102, 4249, 3603
1103, 4404, 3978
1104, 4264, 3659
1105, 4236, 3694
1106, 4273, 3589
1107, 4226, 3635
1108, 4922, 3599
1109, 4376, 3701
1110, 4397, 3661
1111, 4285, 3612
1112, 4335, 3640
1113, 4391, 4096
1114, 4371, 3717
1115, 4347, 3699
1116, 4372, 3634
1117, 4301, 3647
1118, 4938, 3677
1119, 4374, 3680
1120, 4341, 3977
1121, 4359, 3689
1122, 4356, 3710
1123, 4336, 3801
1124, 4378, 3710
1125, 4392, 3762
1126, 4418, 3748
1127, 4379, 3708
1128, 4717, 3688
1129, 4373, 3762
1130, 4462, 3714
1131, 4389, 3704
1132, 4496, 3757
1133, 4459, 3792
1134, 4457, 3691
1135, 4363, 3719
1136, 4416, 3811
1137, 4387, 3821
1138, 4440, 3796
1139, 4417, 3791
1140, 4480, 3789
1141, 4419, 3751
1142, 4525, 3967
1143, 4438, 3817
1144, 4490, 3857
1145, 5199, 3780
1146, 4486, 3780
1147, 4472, 3802
1148, 4519, 3774
1149, 4468, 3782
1150, 4521, 3774
1151, 4446, 3834
1152, 4514, 3789
1153, 4473, 3811
1154, 4507, 3791
1155, 4468, 3796
1156, 4530, 3979
1157, 4501, 3854
1158, 4531, 3819
1159, 4469, 3821
1160, 4542, 3808
1161, 4503, 18832
1162, 4664, 3803
1163, 4527, 3836
1164, 4745, 3850
1165, 4543, 3891
1166, 4570, 4134
1167, 4540, 3970
1168, 4644, 3822
1169, 4557, 3892
1170, 4590, 4410
1171, 4644, 3943
1172, 4624, 3880
1173, 4634, 3892
1174, 4600, 3902
1175, 4855, 4049
1176, 4712, 3881
1177, 4563, 3889
1178, 4643, 3964
1179, 4606, 4120
1180, 4686, 4339
1181, 4792, 4020
1182, 4700, 4002
1183, 4658, 4395
1184, 4887, 4139
1185, 4838, 4013
1186, 4710, 4037
1187, 4686, 3936
1188, 4709, 3914
1189, 5725, 3973
1190, 4712, 3935
1191, 4720, 4109
1192, 4728, 3930
1193, 4696, 4027
1194, 4712, 4061
1195, 4688, 3975
1196, 5036, 4339
1197, 4964, 4003
1198, 4831, 4012
1199, 4725, 4054
1200, 5457, 4021
1201, 4771, 3991
1202, 4772, 4051
1203, 4723, 4000
1204, 5158, 4114
1205, 4781, 4014
1206, 4894, 4227
1207, 4770, 4084
1208, 29538, 4676
1209, 4802, 4106
1210, 4817, 4138
1211, 4757, 4070
1212, 5076, 3985
1213, 4799, 4056
1214, 5034, 4056
1215, 4823, 4113
1216, 5060, 4244
1217, 4893, 4105
1218, 5490, 4051
1219, 4843, 4084
1220, 5929, 4044
1221, 5241, 4053
1222, 4883, 4453
1223, 4934, 4035
1224, 5667, 4217
1225, 4833, 4093
1226, 4863, 4183
1227, 4844, 4129
1228, 5226, 4278
1229, 4940, 4365
1230, 5276, 4206
1231, 5611, 5370
1232, 4971, 4126
1233, 5395, 4175
1234, 4911, 4231
1235, 5409, 4421
1236, 5041, 4194
1237, 5095, 4283
1238, 5127, 4319
1239, 5026, 4150
1240, 5005, 4155
1241, 4964, 4221
1242, 5002, 4193
1243, 4997, 4373
1244, 4942, 5440
1245, 5159, 4353
1246, 4994, 4264
1247, 5123, 4180
1248, 4989, 4221
1249, 4997, 4154
1250, 5241, 4174
1251, 5040, 4402
1252, 5037, 4255
1253, 5080, 5322
1254, 5057, 4167
1255, 5100, 4268
1256, 5091, 4237
1257, 5046, 4246
1258, 5795, 4262
1259, 5088, 4236
1260, 5041, 4250
1261, 5094, 4258
1262, 5127, 4254
1263, 5492, 4227
1264, 5077, 4253
1265, 5277, 4423
1266, 5148, 4374
1267, 5233, 4220
1268, 5145, 4258
1269, 5066, 4305
1270, 5173, 4242
1271, 5144, 4323
1272, 5142, 4287
1273, 5293, 4210
1274, 5823, 4421
1275, 5136, 4285
1276, 5151, 4314
1277, 5188, 4329
1278, 5211, 4282
1279, 5403, 4310
1280, 5408, 4652
1281, 5313, 4451
1282, 5128, 4347
1283, 5117, 4330
1284, 5352, 4434
1285, 5158, 4440
1286, 5234, 4385
1287, 5556, 4511
1288, 5534, 4363
1289, 5148, 4369
1290, 5231, 4416
1291, 5756, 4363
1292, 5480, 4422
1293, 5229, 4416
1294, 5205, 4541
1295, 5207, 4429
1296, 5237, 4457
1297, 5402, 4364
1298, 5655, 4479
1299, 5243, 4390
1300, 5242, 4410
1301, 5483, 4399
1302, 5288, 4349
1303, 5341, 4463
1304, 5286, 4599
1305, 5301, 4385
1306, 5317, 4547
1307, 5459, 4513
1308, 5301, 4504
1309, 5629, 4435
1310, 5305, 4466
1311, 5317, 4431
1312, 5301, 4592
1313, 5369, 4493
1314, 5323, 4594
1315, 6036, 4480
1316, 5371, 4447
1317, 5683, 4564
1318, 5541, 4966
1319, 5315, 4495
1320, 5389, 4679
1321, 5406, 4501
1322, 5371, 4525
1323, 5345, 4533
1324, 5407, 4545
1325, 5387, 4544
1326, 5364, 4542
1327, 5333, 4467
1328, 6470, 4899
1329, 5367, 4536
1330, 5493, 4469
1331, 5469, 4700
1332, 5485, 4620
1333, 5385, 4703
1334, 5579, 4549
1335, 5855, 4682
1336, 5433, 4495
1337, 5414, 4652
1338, 5467, 4525
1339, 5712, 4592
1340, 5453, 5579
1341, 5717, 4494
1342, 5599, 4591
1343, 6061, 4596
1344, 5607, 4528
1345, 5534, 4554
1346, 5435, 4567
1347, 5820, 4663
1348, 6115, 4691
1349, 5475, 4547
1350, 5614, 4556
1351, 5820, 4647
1352, 5492, 4566
1353, 5681, 4689
1354, 5692, 5693
1355, 5524, 4707
1356, 5717, 4606
1357, 6270, 5483
1358, 5607, 23860
1359, 5541, 4921
1360, 5501, 4695
1361, 5600, 26786
1362, 5534, 4914
1363, 6134, 5148
1364, 5605, 4626
1365, 5557, 4638
1366, 5643, 4914
1367, 5562, 4673
1368, 5625, 4676
1369, 5549, 4667
1370, 5562, 4663
1371, 5609, 4644
1372, 5593, 4655
1373, 5596, 4702
1374, 5651, 4636
1375, 5640, 4687
1376, 5585, 4667
1377, 5609, 4698
1378, 5623, 4699
1379, 5614, 4729
1380, 5626, 4688
1381, 5631, 4668
1382, 5692, 4714
1383, 5687, 4767
1384, 5657, 4675
1385, 5671, 4690
1386, 5694, 4723
1387, 5630, 4711
1388, 5705, 4720
1389, 5706, 4759
1390, 5620, 4816
1391, 5650, 4852
1392, 5697, 4767
1393, 5685, 4778
1394, 5669, 4606
1395, 5598, 4602
1396, 5552, 4681
1397, 5559, 4665
1398, 5651, 4685
1399, 5614, 4664
1400, 5639, 4664
1401, 5650, 4655
1402, 5593, 4667
1403, 5603, 4695
1404, 5624, 4674
1405, 5653, 4727
1406, 5643, 4718
1407, 5620, 4677
1408, 5633, 4997
1409, 5688, 4719
1410, 5651, 4716
1411, 5672, 4693
1412, 5665, 4762
1413, 5653, 4709
1414, 5723, 4742
1415, 5721, 4729
1416, 5669, 4725
1417, 5730, 4776
1418, 5718, 4722
1419, 5640, 4784
1420, 5688, 4816
1421, 5717, 4761
1422, 5702, 4828
1423, 5687, 4748
1424, 5690, 22762
1425, 5748, 4895
1426, 5736, 4751
1427, 5835, 4811
1428, 5720, 4869
1429, 5729, 4753
1430, 5721, 4766
1431, 5716, 4792
1432, 5678, 4795
1433, 5862, 4772
1434, 5768, 4788
1435, 5719, 4814
1436, 5797, 4795
1437, 5776, 4821
1438, 5720, 4879
1439, 5794, 4755
1440, 5780, 4868
1441, 5800, 4843
1442, 5799, 4841
1443, 5788, 4788
1444, 5797, 4802
1445, 5814, 4846
1446, 5896, 4840
1447, 5797, 4865
1448, 5835, 4912
1449, 5788, 4846
1450, 6006, 4871
1451, 5792, 4867
1452, 5856, 4932
1453, 5853, 4901
1454, 5861, 4887
1455, 5863, 5045
1456, 5856, 4925
1457, 5861, 4869
1458, 5892, 4917
1459, 5850, 4932
1460, 5864, 4935
1461, 6000, 4889
1462, 5876, 4868
1463, 5880, 4896
1464, 5915, 21847
1465, 5922, 4872
1466, 5902, 4883
1467, 5900, 4931
1468, 5867, 5533
1469, 6657, 5181
1470, 5954, 4908
1471, 5986, 4917
1472, 6440, 5012
1473, 6234, 5378
1474, 5962, 5026
1475, 6050, 5045
1476, 5968, 4947
1477, 5898, 4990
1478, 6113, 5043
1479, 6112, 5052
1480, 6333, 5430
1481, 6063, 5181
1482, 6097, 5312
1483, 6245, 5144
1484, 6158, 5233
1485, 6285, 5112
1486, 6139, 5294
1487, 6302, 5078
1488, 6346, 5169
1489, 6105, 5924
1490, 6252, 5093
1491, 6245, 5136
1492, 6213, 5181
1493, 6118, 5142
1494, 6225, 5190
1495, 6191, 5068
1496, 6181, 5262
1497, 6260, 5140
1498, 6186, 5194
1499, 6399, 5536
1500, 6245, 5124
1501, 6227, 5277
1502, 6153, 5123
1503, 6245, 5219
1504, 23173, 5177
1505, 6218, 5117
1506, 6174, 5210
1507, 6229, 5200
1508, 6187, 5238
1509, 6442, 5233
1510, 6550, 5243
1511, 6292, 5188
1512, 6279, 5238
1513, 6255, 5183
1514, 6350, 5232
1515, 6245, 5283
1516, 6247, 5306
1517, 6239, 5269
1518, 6557, 5187
1519, 6283, 5209
1520, 6298, 5642
1521, 6288, 5552
1522, 6715, 5264
1523, 6308, 5270
1524, 6239, 5231
1525, 6265, 5208
1526, 6371, 5246
1527, 6336, 5351
1528, 6477, 5414
1529, 6310, 5268
1530, 6357, 5372
1531, 6455, 5362
1532, 6370, 23271
1533, 6679, 5300
1534, 6339, 5626
1535, 6705, 5505
1536, 6314, 5332
1537, 6455, 5376
1538, 6484, 5686
1539, 6709, 5476
1540, 6528, 5368
1541, 7624, 5415
1542, 6931, 5671
1543, 6424, 23193
1544, 6739, 5698
1545, 6420, 5549
1546, 6629, 5536
1547, 6802, 5452
1548, 6583, 5353
1549, 6399, 5382
1550, 6385, 5597
1551, 6570, 5416
1552, 6518, 5325
1553, 6445, 5317
1554, 6406, 5459
1555, 6426, 5360
1556, 6458, 5381
1557, 6492, 5419
1558, 6488, 5467
1559, 6486, 5444
1560, 6433, 5804
1561, 6533, 5425
1562, 6498, 5415
1563, 6526, 5357
1564, 6510, 5405
1565, 6552, 5464
1566, 6549, 5448
1567, 6990, 5431
1568, 6493, 5618
1569, 6731, 5454
1570, 6552, 5443
1571, 6613, 5664
1572, 6557, 5832
1573, 6814, 5451
1574, 6634, 5533
1575, 6676, 5802
1576, 7100, 5448
1577, 6628, 5872
1578, 6679, 5490
1579, 6791, 5382
1580, 6576, 5424
1581, 6611, 5434
1582, 6719, 5457
1583, 6664, 6262
1584, 6571, 5417
1585, 6655, 5659
1586, 6617, 5520
1587, 6604, 5539
1588, 24793, 5409
1589, 6570, 5540
1590, 6604, 5801
1591, 8163, 6395
1592, 6708, 5698
1593, 8555, 7200
1594, 8333, 26560
1595, 7867, 7598
1596, 7168, 5813
1597, 6860, 6374
1598, 6989, 5927
1599, 7573, 5666
1600, 6924, 6736
1601, 7096, 5578
1602, 6893, 5762
1603, 7870, 5727
1604, 7914, 9883
1605, 6976, 6326
1606, 8666, 5983
1607, 9402, 6175
1608, 7932, 6226
1609, 6822, 5563
1610, 7066, 5597
1611, 6751, 5771
1612, 7307, 5564
1613, 7161, 5615
1614, 6864, 5617
1615, 6820, 6919
1616, 7599, 5754
1617, 7421, 6120
1618, 6921, 6238
1619, 7350, 6729
1620, 8426, 7326
1621, 7311, 7644
1622, 8403, 7058
1623, 6974, 5852
1624, 7152, 6815
1625, 7148, 6188
1626, 6829, 5792
1627, 7261, 6055
1628, 7508, 6125
1629, 7200, 5751
1630, 7656, 5839
1631, 6978, 5830
1632, 7414, 5804
1633, 7157, 6138
1634, 7836, 5741
1635, 6850, 5956
1636, 6908, 6306
1637, 7114, 5620
1638, 6843, 5747
1639, 6921, 5948
1640, 6876, 5716
1641, 7187, 6253
1642, 6939, 5704
1643, 6894, 5999
1644, 6851, 5714
1645, 7634, 5784
1646, 7074, 5825
1647, 6942, 5805
1648, 6891, 5816
1649, 7200, 5783
1650, 6856, 5851
1651, 7189, 6151
1652, 6887, 6198
1653, 7065, 5865
1654, 7049, 5821
1655, 8321, 5685
1656, 7287, 5774
1657, 7142, 5774
1658, 7352, 6181
1659, 7076, 5975
1660, 7112, 6323
1661, 8666, 6072
1662, 7656, 6689
1663, 8836, 5897
1664, 8701, 8059
1665, 8024, 6638
1666, 7505, 7442
1667, 7657, 6087
1668, 7132, 5956
1669, 7454, 5800
1670, 6966, 5980
1671, 7192, 5922
1672, 7551, 6444
1673, 7016, 5812
1674, 7562, 6717
1675, 7061, 5844
1676, 7059, 5848
1677, 7031, 6021
1678, 7330, 6160
1679, 7210, 6410
1680, 7487, 5896
1681, 7021, 6210
1682, 7006, 5941
1683, 7257, 5976
1684, 7098, 6025
1685, 8940, 6112
1686, 7015, 6066
1687, 7176, 6239
1688, 34387, 6004
1689, 7422, 6792
1690, 28094, 6911
1691, 8043, 6328
1692, 8731, 5883
1693, 7531, 8376
1694, 7828, 6641
1695, 8016, 6351
1696, 7240, 6124
1697, 7387, 6125
1698, 7711, 6201
1699, 9565, 6019
1700, 7443, 6403
1701, 7531, 6077
1702, 7349, 6272
1703, 7574, 8331
1704, 7638, 5932
1705, 7333, 6005
1706, 7147, 5954
1707, 7664, 23012
1708, 7153, 6053
1709, 8056, 6298
1710, 7687, 6161
1711, 9217, 6272
1712, 7952, 6542
1713, 27111, 6234
1714, 7165, 6175
1715, 7332, 7363
1716, 7283, 8083
1717, 8171, 7485
1718, 8106, 6058
1719, 7871, 9861
1720, 7600, 6152
1721, 7920, 6218
1722, 7183, 6349
1723, 8514, 6029
1724, 8342, 6159
1725, 7262, 7130
1726, 7554, 7086
1727, 8679, 7082
1728, 7250, 7362
1729, 7397, 6936
1730, 7366, 6314
1731, 7247, 6160
1732, 7733, 6587
1733, 7716, 6314
1734, 7282, 6256
1735, 7717, 6467
1736, 7406, 6976
1737, 7970, 6103
1738, 7342, 6256
1739, 7256, 6100
1740, 7257, 6617
1741, 7328, 6096
1742, 7255, 6075
1743, 7485, 6587
1744, 7277, 6132
1745, 7522, 6071
1746, 7376, 7398
1747, 7911, 6069
1748, 7301, 7692
1749, 7375, 6259
1750, 8286, 6144
1751, 7334, 7971
1752, 7294, 6643
1753, 7658, 6417
1754, 7468, 6157
1755, 7429, 6341
1756, 7356, 6590
1757, 7621, 6155
1758, 7913, 6448
1759, 7436, 6436
1760, 7759, 6120
1761, 7408, 6446
1762, 7740, 6904
1763, 8399, 6932
1764, 8347, 7180
1765, 8352, 7156
1766, 8464, 6713
1767, 8222, 7464
1768, 9541, 6946
1769, 8752, 6286
1770, 7501, 7030
1771, 7638, 6257
1772, 7991, 6355
1773, 7513, 6396
1774, 7393, 6255
1775, 8414, 6884
1776, 7469, 6396
1777, 7474, 6181
1778, 7411, 6267
1779, 7462, 6294
1780, 8836, 23358
1781, 35081, 6385
1782, 7510, 6188
1783, 8086, 6438
1784, 7444, 6501
1785, 7501, 6178
1786, 8070, 6348
1787, 7486, 6339
1788, 8166, 6311
1789, 7774, 6381
1790, 7477, 6607
1791, 8421, 6324
1792, 26112, 7070
1793, 7672, 6365
1794, 7886, 6284
1795, 7495, 6972
1796, 7712, 6246
1797, 7806, 6233
1798, 7671, 6630
1799, 8322, 6287
1800, 7890, 6987
1801, 8017, 6882
1802, 8103, 6278
1803, 7915, 6649
1804, 7616, 6686
1805, 7614, 6238
1806, 8712, 6722
1807, 7580, 6806
1808, 7573, 6357
1809, 7786, 6284
1810, 7604, 7864
1811, 8765, 6368
1812, 7599, 6299
1813, 7640, 6549
1814, 7700, 6340
1815, 9149, 6852
1816, 7615, 7684
1817, 8050, 6343
1818, 8252, 6362
1819, 7622, 7527
1820, 7946, 6696
1821, 9149, 6910
1822, 7730, 6723
1823, 7722, 6418
1824, 8640, 6416
1825, 7724, 6830
1826, 7774, 6431
1827, 7704, 6444
1828, 8456, 6357
1829, 8085, 6982
1830, 7883, 6436
1831, 8066, 6478
1832, 7680, 6765
1833, 8557, 6563
1834, 8894, 6819
1835, 7790, 6622
1836, 8508, 7431
1837, 8142, 6438
1838, 7758, 6676
1839, 7731, 7787
1840, 8110, 7194
1841, 7782, 6490
1842, 9887, 6486
1843, 8054, 6445
1844, 7950, 6389
1845, 7954, 6746
1846, 7781, 6440
1847, 7899, 6427
1848, 8091, 6610
1849, 9154, 6511
1850, 8364, 7363
1851, 7771, 6467
1852, 8534, 6952
1853, 7805, 6999
1854, 8129, 6511
1855, 8138, 6458
1856, 8056, 6443
1857, 7865, 6930
1858, 7852, 6451
1859, 8361, 6900
1860, 7805, 6807
1861, 7935, 6576
1862, 8170, 6713
1863, 7870, 6858
1864, 7862, 7081
1865, 8189, 6548
1866, 8141, 6799
1867, 7926, 6684
1868, 7855, 6528
1869, 8106, 6831
1870, 7911, 6559
1871, 8367, 7019
1872, 8429, 6852
1873, 8588, 6659
1874, 7894, 6866
1875, 7946, 6643
1876, 7880, 6720
1877, 8250, 6920
1878, 8524, 6787
1879, 7951, 6741
1880, 7941, 6638
1881, 7960, 7279
1882, 7965, 6735
1883, 8071, 6629
1884, 7935, 6584
1885, 7987, 6651
1886, 7965, 6589
1887, 7991, 6954
1888, 8246, 6575
1889, 7983, 6586
1890, 8018, 6796
1891, 7953, 6688
1892, 7996, 6914
1893, 8015, 6968
1894, 7942, 6658
1895, 8036, 6627
1896, 8220, 6647
1897, 8003, 6833
1898, 8458, 6619
1899, 8405, 7286
1900, 7979, 6832
1901, 8076, 6764
1902, 8210, 6744
1903, 8020, 6649
1904, 8069, 6719
1905, 8050, 7782
1906, 8138, 6715
1907, 8050, 6681
1908, 8099, 6640
1909, 8171, 6703
1910, 8023, 6689
1911, 8083, 6702
1912, 8041, 6741
1913, 8032, 6705
1914, 8075, 6657
1915, 8102, 6695
1916, 8028, 6587
1917, 7930, 6614
1918, 7853, 6587
1919, 7943, 6641
1920, 7935, 6624
1921, 7967, 6561
1922, 7894, 6708
1923, 7910, 6667
1924, 8002, 6737
1925, 8320, 6708
1926, 8185, 6662
1927, 8052, 6635
1928, 7921, 6625
1929, 8014, 6724
1930, 8149, 6629
1931, 8015, 7304
1932, 8295, 6598
1933, 8181, 6837
1934, 8589, 6858
1935, 8181, 6996
1936, 8537, 6970
1937, 8245, 6765
1938, 8131, 7073
1939, 8215, 6887
1940, 8482, 7206
1941, 8641, 6863
1942, 8446, 6905
1943, 8195, 6868
1944, 8198, 7649
1945, 8214, 6810
1946, 8226, 7042
1947, 28350, 6828
1948, 8218, 6859
1949, 8269, 7403
1950, 8568, 6873
1951, 8810, 6833
1952, 8281, 7099
1953, 8338, 7280
1954, 8485, 6815
1955, 8329, 6915
1956, 9019, 7268
1957, 8267, 26037
1958, 8370, 6986
1959, 9095, 6934
1960, 8825, 7077
1961, 8411, 6971
1962, 8283, 7350
1963, 8392, 6886
1964, 9138, 7351
1965, 8354, 6931
1966, 8290, 7608
1967, 9397, 6981
1968, 8300, 6995
1969, 8560, 6885
1970, 8292, 7267
1971, 8617, 7550
1972, 8698, 7020
1973, 8491, 7835
1974, 8385, 7038
1975, 8461, 7218
1976, 9293, 6973
1977, 8663, 7034
1978, 27859, 7368
1979, 8403, 6975
1980, 8370, 7718
1981, 8699, 7023
1982, 8461, 7060
1983, 8672, 7810
1984, 8362, 7382
1985, 8581, 6989
1986, 8741, 7042
1987, 10114, 6957
1988, 8436, 7187
1989, 8386, 7477
1990, 8527, 7098
1991, 8494, 7035
1992, 9361, 8215
1993, 8568, 7007
1994, 8421, 7276
1995, 8561, 7028
1996, 8412, 7059
1997, 24276, 7073
1998, 8457, 7095
1999, 8504, 6984
